Length	Count
9	1
22	3
25	1
46	1
50	1
55	1
56	1
58	2
59	2
61	5
62	6
63	3
64	4
65	1
66	4
67	2
68	4
69	5
70	2
71	5
72	1
73	6
74	3
75	6
76	7
77	6
78	10
79	9
80	14
81	5
82	9
83	10
84	11
85	10
86	19
87	15
88	11
89	22
90	18
91	15
92	16
93	21
94	19
95	27
96	27
97	21
98	23
99	30
100	35
101	26
102	34
103	38
104	36
105	46
106	40
107	35
108	36
109	47
110	42
111	41
112	47
113	48
114	54
115	58
116	61
117	63
118	70
119	70
120	74
121	83
122	85
123	91
124	101
125	115
126	91
127	87
128	106
129	79
130	78
131	75
132	65
133	68
134	58
135	66
136	64
137	53
138	52
139	53
140	53
141	62
142	53
143	38
144	46
145	47
146	46
147	55
148	46
149	44
150	60
151	45
152	45
153	51
154	51
155	50
156	43
157	45
158	55
159	45
160	48
161	58
162	56
163	40
164	48
165	41
166	41
167	48
168	46
169	54
170	58
171	56
172	48
173	46
174	49
175	48
176	68
177	73
178	52
179	52
180	53
181	60
182	54
183	40
184	42
185	58
186	36
187	42
188	47
189	30
190	48
191	43
192	45
193	43
194	53
195	50
196	46
197	51
198	62
199	47
200	59
201	50
202	45
203	48
204	51
205	55
206	38
207	40
208	30
209	35
210	27
211	33
212	29
213	23
214	28
215	31
216	24
217	24
218	26
219	32
220	21
221	35
222	18
223	29
224	34
225	38
226	32
227	40
228	40
229	39
230	39
231	33
232	42
233	37
234	37
235	29
236	34
237	27
238	31
239	22
240	19
241	20
242	21
243	19
244	20
245	16
246	11
247	19
248	28
249	20
250	19
251	27
252	19
253	28
254	27
255	39
256	41
257	30
258	33
259	46
260	41
261	52
262	54
263	47
264	59
265	36
266	61
267	35
268	35
269	36
270	41
271	21
272	23
273	17
274	16
275	21
276	15
277	17
278	20
279	26
280	13
281	13
282	10
283	6
284	15
285	5
286	16
287	7
288	15
289	15
290	12
291	9
292	11
293	21
294	13
295	8
296	13
297	13
298	17
299	16
300	15
301	10
302	17
303	11
304	22
305	18
306	12
307	20
308	21
309	21
310	15
311	14
312	19
313	27
314	30
315	15
316	13
317	14
318	18
319	26
320	15
321	15
322	12
323	10
324	13
325	15
326	17
327	11
328	14
329	8
330	7
331	6
332	11
333	5
334	4
335	5
336	10
337	7
338	12
339	5
340	9
341	12
342	12
343	10
344	9
345	6
346	4
347	7
348	9
349	9
350	5
351	6
352	9
353	4
354	4
355	11
356	10
357	9
358	4
359	3
360	9
361	10
362	13
363	6
364	6
365	7
366	5
367	6
368	7
369	8
370	7
371	5
372	1
373	6
374	5
375	8
376	7
377	8
378	5
379	7
380	6
381	4
382	4
383	11
384	5
385	7
386	12
387	11
388	9
389	5
390	7
391	6
392	14
393	12
394	7
395	5
396	6
397	10
398	14
399	6
400	11
401	7
402	5
403	7
404	6
405	7
406	8
407	4
408	8
409	8
410	6
411	2
412	5
413	5
414	14
415	12
416	10
417	6
418	7
419	9
420	10
421	12
422	11
423	9
424	7
425	10
426	8
427	6
428	9
429	3
430	4
431	3
432	6
433	10
434	8
435	8
436	9
437	2
438	3
439	6
440	8
441	6
442	7
443	4
444	1
445	6
446	6
447	7
448	4
449	1
450	5
451	5
452	1
453	3
454	2
455	5
456	3
457	2
458	4
459	2
460	8
461	8
462	8
463	3
464	5
465	5
466	3
467	10
468	10
469	11
470	7
471	9
472	13
473	7
474	5
475	12
476	8
477	5
478	4
479	9
480	8
481	9
482	5
483	14
484	6
485	9
486	10
487	6
488	5
489	5
490	6
491	6
492	3
493	3
494	5
495	7
496	6
497	4
498	5
499	5
500	3
501	6
502	5
503	4
504	4
505	5
506	8
507	3
508	5
509	5
510	8
511	2
512	3
513	4
514	4
515	7
516	4
517	4
518	2
519	9
520	2
521	5
522	3
523	3
524	4
525	3
526	4
527	5
528	2
529	3
530	2
531	5
532	6
533	5
534	6
535	4
536	2
537	4
538	4
539	4
540	1
541	2
542	2
543	5
544	2
545	5
546	4
547	7
548	6
549	6
550	3
551	11
552	12
553	9
554	11
555	6
556	8
557	4
558	5
559	9
560	5
561	7
562	10
563	5
564	10
565	5
566	4
567	11
568	8
569	3
570	6
571	3
572	4
573	7
574	7
575	6
576	6
577	4
578	8
579	1
580	4
581	2
582	3
583	8
584	3
585	6
586	4
587	5
588	2
589	3
590	4
591	2
592	3
593	5
594	4
595	7
596	4
597	1
598	3
599	5
600	4
601	5
602	3
603	8
604	1
605	8
606	6
607	10
608	4
609	1
610	3
611	5
612	4
613	1
614	3
615	4
616	7
617	5
618	4
619	4
620	2
621	4
622	2
623	5
624	2
625	4
626	9
627	3
628	8
629	3
630	2
631	6
632	5
633	3
634	2
635	3
636	2
637	4
638	2
639	2
640	5
641	2
642	8
643	1
644	4
645	5
646	2
647	4
648	6
649	3
650	3
651	3
652	2
653	3
654	4
655	4
656	1
657	5
658	2
659	7
660	1
661	1
662	4
663	1
664	2
665	2
666	3
667	2
668	3
671	4
673	5
674	4
675	3
676	2
677	4
678	2
679	1
680	1
682	3
683	3
685	2
686	1
687	4
688	1
689	3
690	2
691	2
692	2
693	3
694	1
695	2
696	3
697	3
698	4
699	4
700	4
701	2
702	5
703	4
704	2
705	2
706	1
707	7
708	3
709	5
710	5
711	5
712	8
713	2
714	2
715	4
716	3
717	3
720	5
721	3
722	6
724	5
725	2
726	1
727	3
728	8
729	4
730	2
731	2
732	4
733	4
734	4
735	6
736	7
737	3
738	8
739	4
740	2
741	2
742	4
743	3
744	4
746	5
747	1
748	5
749	3
751	4
752	4
753	1
754	2
755	1
756	2
757	2
758	1
759	2
760	3
762	1
763	2
764	2
765	1
766	4
768	5
769	4
770	4
771	5
772	3
773	3
774	1
775	1
776	2
777	4
778	2
779	2
780	2
781	3
782	1
783	4
784	2
785	4
786	7
787	2
788	5
789	6
790	5
791	9
792	6
793	2
794	5
795	3
796	3
797	5
798	3
799	5
800	5
801	4
802	3
803	3
804	5
805	3
806	1
807	3
808	6
809	4
810	5
811	3
812	3
813	7
814	5
815	3
816	5
817	7
818	2
819	2
820	5
821	1
822	6
823	4
824	3
825	4
826	2
827	3
828	2
829	4
830	3
831	2
832	1
833	1
834	2
836	3
839	4
840	1
841	2
843	1
844	5
845	2
846	1
847	1
848	3
849	1
850	2
851	2
852	1
853	2
854	1
855	6
856	4
857	2
858	3
859	4
860	1
861	8
862	1
863	1
864	4
865	4
866	4
868	1
869	2
873	3
874	2
875	4
877	2
878	2
879	2
881	1
882	1
883	2
884	2
886	1
887	3
888	1
889	3
890	1
893	2
894	1
895	1
896	1
897	1
899	3
901	4
902	1
903	2
904	2
905	1
906	2
907	1
908	3
910	4
912	2
913	3
915	1
916	3
917	3
918	1
919	2
920	1
921	1
922	1
923	1
924	2
925	1
926	3
927	2
928	5
929	2
930	1
931	3
932	3
933	4
934	4
935	1
936	1
937	1
939	1
940	2
941	2
942	4
944	1
945	4
946	2
947	2
949	2
950	2
951	2
952	2
953	1
954	3
955	3
956	2
957	3
958	1
959	1
960	2
961	4
962	3
963	2
964	1
965	2
966	5
967	3
968	3
969	5
970	2
971	1
972	4
973	6
974	5
975	3
976	3
977	4
978	2
979	6
980	5
981	5
982	8
983	3
985	2
986	2
987	3
988	3
989	2
990	2
991	3
992	3
993	5
994	4
995	3
996	2
997	2
998	5
999	2
1000	1
1001	1
1002	2
1003	2
1004	2
1005	1
1007	2
1009	2
1011	2
1012	5
1013	1
1014	1
1015	2
1019	3
1020	1
1021	1
1022	1
1024	2
1025	2
1026	1
1030	2
1031	3
1032	2
1033	1
1034	1
1036	4
1039	2
1041	4
1043	2
1044	4
1045	2
1046	3
1047	2
1048	1
1049	3
1051	2
1052	4
1053	5
1054	2
1055	2
1057	1
1058	3
1059	4
1060	3
1061	1
1062	2
1063	3
1064	2
1065	2
1066	4
1067	3
1068	2
1070	2
1071	1
1072	3
1073	2
1074	5
1075	1
1076	2
1078	1
1079	2
1082	2
1083	1
1084	2
1085	2
1086	3
1087	1
1088	2
1090	1
1092	3
1094	1
1096	2
1097	2
1098	1
1101	2
1102	1
1103	1
1104	1
1105	1
1108	1
1109	1
1110	1
1111	2
1113	1
1114	1
1115	1
1117	1
1118	3
1120	3
1121	3
1126	1
1128	1
1130	3
1131	3
1132	1
1133	2
1134	1
1135	1
1136	2
1138	3
1140	2
1141	1
1142	1
1145	1
1148	1
1149	3
1150	3
1151	1
1153	2
1154	2
1155	1
1156	1
1157	3
1159	3
1160	1
1165	2
1166	2
1167	3
1168	2
1169	2
1170	1
1171	1
1172	1
1173	3
1174	2
1177	4
1179	1
1180	6
1181	2
1183	2
1184	3
1185	2
1186	1
1187	1
1188	2
1189	2
1190	2
1191	1
1193	2
1194	1
1195	1
1196	1
1197	4
1198	2
1200	5
1201	2
1202	2
1204	2
1205	2
1207	4
1208	4
1209	1
1210	2
1211	3
1212	1
1215	1
1216	3
1217	2
1218	1
1219	2
1221	1
1222	1
1224	3
1225	1
1226	4
1227	2
1228	5
1229	2
1230	3
1231	2
1232	1
1233	4
1234	1
1235	5
1237	1
1238	4
1239	5
1240	5
1241	1
1242	1
1243	1
1244	5
1245	1
1246	2
1247	3
1249	2
1250	1
1251	3
1252	2
1253	1
1254	2
1255	2
1258	1
1260	1
1262	4
1263	3
1264	1
1265	1
1266	1
1267	1
1268	1
1269	2
1271	1
1272	2
1273	3
1276	1
1277	1
1279	1
1280	2
1281	3
1282	1
1283	1
1284	3
1285	1
1286	3
1287	1
1288	1
1289	1
1291	3
1292	2
1293	2
1295	2
1297	1
1300	4
1301	1
1302	1
1303	1
1304	1
1305	2
1308	2
1309	2
1310	2
1311	4
1312	2
1313	1
1314	1
1316	1
1317	3
1318	1
1320	1
1321	2
1322	1
1323	4
1324	1
1325	1
1327	2
1328	1
1329	1
1330	2
1333	1
1334	1
1335	1
1336	1
1338	1
1339	1
1342	2
1345	1
1351	1
1353	2
1355	2
1356	1
1360	3
1364	1
1365	2
1366	1
1368	1
1370	1
1372	2
1373	5
1374	2
1375	1
1376	2
1377	3
1379	2
1380	2
1381	1
1383	1
1384	1
1385	2
1387	1
1388	1
1389	3
1393	2
1395	1
1401	1
1402	1
1403	3
1404	1
1405	4
1406	1
1410	2
1411	1
1412	1
1414	1
1415	4
1417	1
1418	1
1420	1
1421	1
1423	1
1424	1
1425	3
1427	1
1428	2
1430	1
1433	1
1434	1
1436	1
1437	1
1438	2
1440	1
1443	1
1446	1
1449	1
1452	1
1459	1
1460	1
1461	3
1462	1
1464	1
1465	1
1467	1
1468	2
1470	1
1474	2
1476	2
1480	1
1481	1
1482	1
1484	1
1485	2
1486	2
1487	2
1488	1
1489	1
1490	1
1492	1
1493	2
1494	2
1495	3
1496	1
1497	1
1498	1
1500	1
1506	1
1510	3
1512	5
1513	5
1514	2
1515	1
1518	3
1519	1
1520	4
1521	1
1522	3
1523	2
1526	6
1528	2
1529	2
1530	2
1531	2
1532	1
1534	2
1535	1
1538	3
1540	1
1541	4
1542	2
1543	1
1544	3
1545	4
1546	2
1547	1
1548	4
1551	1
1552	1
1553	2
1555	2
1556	4
1557	1
1558	2
1559	2
1560	2
1561	3
1562	1
1563	2
1566	1
1567	1
1568	1
1569	3
1571	1
1572	2
1573	2
1574	2
1575	1
1576	2
1577	3
1580	1
1581	2
1582	5
1583	1
1584	1
1585	1
1586	1
1587	1
1589	1
1591	1
1592	1
1595	2
1598	1
1599	1
1600	2
1601	1
1602	4
1603	1
1604	1
1606	1
1607	1
1612	1
1614	1
1617	1
1619	2
1620	1
1623	4
1624	1
1625	2
1626	1
1628	1
1630	2
1633	1
1635	1
1636	2
1637	4
1640	1
1642	1
1643	2
1644	3
1645	2
1647	1
1653	2
1654	1
1655	1
1657	2
1658	3
1660	1
1661	1
1662	5
1663	2
1664	2
1665	2
1666	3
1668	1
1670	1
1674	1
1675	1
1677	3
1679	1
1680	1
1681	3
1685	1
1687	1
1688	2
1689	2
1690	1
1691	1
1692	1
1695	1
1696	1
1697	1
1698	1
1701	1
1702	1
1703	2
1704	1
1706	1
1708	1
1709	2
1713	1
1714	2
1716	2
1717	1
1718	1
1721	1
1723	1
1726	1
1728	1
1730	1
1734	1
1735	1
1738	1
1739	1
1740	1
1741	1
1742	2
1745	1
1746	3
1747	1
1751	1
1754	1
1755	1
1756	1
1757	1
1762	2
1764	1
1765	2
1766	1
1767	1
1768	1
1769	2
1770	1
1771	1
1773	2
1774	1
1777	1
1778	1
1780	1
1781	6
1782	1
1783	1
1784	3
1788	8
1789	3
1790	2
1791	2
1793	1
1794	1
1795	1
1796	2
1797	1
1799	1
1800	1
1801	2
1802	1
1803	1
1804	1
1806	3
1807	4
1808	1
1811	1
1813	1
1817	1
1818	1
1821	3
1822	1
1826	1
1827	1
1831	1
1832	1
1834	1
1835	1
1836	2
1837	1
1839	3
1840	1
1841	1
1842	1
1843	1
1845	1
1853	1
1856	1
1858	1
1860	4
1861	2
1862	1
1863	1
1865	3
1866	2
1869	1
1870	1
1872	1
1873	1
1875	1
1877	2
1878	1
1881	1
1882	1
1884	2
1886	1
1887	1
1890	1
1891	3
1892	1
1893	1
1894	1
1895	1
1896	1
1898	1
1899	2
1900	2
1901	1
1906	4
1907	1
1908	1
1909	1
1910	1
1911	1
1912	2
1913	2
1915	2
1916	1
1919	3
1921	1
1922	1
1923	1
1928	1
1934	1
1937	1
1941	1
1942	1
1943	2
1944	1
1945	1
1946	2
1948	1
1951	1
1955	1
1960	1
1964	1
1965	1
1967	1
1968	1
1969	1
1970	1
1971	2
1972	1
1974	1
1975	2
1977	1
1979	1
1980	1
1983	1
1985	1
1987	1
1988	1
1994	1
2002	3
2004	2
2007	1
2009	1
2010	2
2012	1
2016	1
2018	2
2023	1
2027	1
2030	1
2031	1
2033	2
2035	1
2039	1
2042	1
2043	3
2047	1
2049	1
2051	1
2052	1
2053	2
2055	1
2059	2
2061	1
2065	2
2068	1
2069	1
2072	1
2078	2
2080	2
2084	1
2085	1
2087	1
2088	1
2091	2
2092	1
2095	1
2096	2
2097	1
2098	3
2099	1
2100	1
2101	2
2106	3
2108	1
2113	1
2114	1
2121	1
2123	1
2125	1
2126	3
2127	3
2128	1
2130	1
2131	2
2135	1
2137	1
2140	1
2143	1
2147	1
2151	1
2156	1
2158	2
2160	1
2164	1
2171	2
2175	1
2176	1
2179	2
2180	1
2186	1
2187	1
2189	2
2190	2
2192	1
2193	1
2197	1
2202	3
2203	2
2204	1
2205	1
2206	1
2208	1
2209	1
2212	1
2215	1
2216	2
2217	2
2218	3
2220	2
2221	2
2222	1
2225	1
2226	1
2227	2
2229	1
2230	2
2232	1
2233	2
2234	1
2235	1
2236	3
2237	2
2238	3
2239	1
2240	2
2241	2
2242	1
2243	1
2244	1
2245	3
2249	1
2251	1
2253	1
2256	1
2257	1
2258	2
2259	1
2260	2
2261	2
2262	3
2264	1
2265	1
2267	3
2268	1
2269	2
2270	1
2271	1
2273	1
2274	2
2275	1
2278	1
2279	1
2280	1
2282	2
2286	2
2287	1
2288	1
2289	1
2290	2
2292	1
2295	1
2297	1
2300	1
2302	1
2303	1
2305	1
2311	3
2320	1
2322	1
2324	3
2325	1
2327	1
2328	3
2330	1
2331	1
2332	1
2334	1
2336	2
2339	2
2342	1
2343	1
2345	1
2347	2
2348	1
2350	1
2351	1
2352	2
2354	1
2357	2
2360	1
2361	1
2364	2
2365	2
2370	1
2371	1
2374	1
2375	2
2377	1
2378	1
2379	1
2380	3
2381	1
2384	1
2386	1
2388	1
2389	2
2390	1
2391	1
2392	2
2394	1
2398	2
2400	1
2406	2
2407	1
2410	1
2412	1
2416	1
2422	1
2423	1
2427	1
2428	1
2431	2
2434	2
2435	1
2441	1
2442	2
2448	1
2451	1
2452	1
2456	1
2459	1
2461	3
2462	1
2463	2
2468	2
2471	1
2473	1
2474	1
2478	2
2479	1
2480	2
2481	2
2483	2
2486	1
2488	1
2489	1
2491	1
2494	1
2495	1
2496	1
2497	1
2499	2
2501	1
2502	1
2503	1
2504	1
2505	1
2506	2
2508	1
2510	1
2511	1
2514	2
2518	1
2522	1
2524	1
2526	1
2527	1
2529	1
2532	2
2533	2
2538	2
2542	1
2543	1
2547	1
2548	1
2551	2
2553	1
2555	1
2556	1
2557	1
2558	2
2560	3
2561	1
2563	1
2565	1
2571	1
2572	1
2581	1
2582	2
2585	1
2586	2
2587	2
2588	3
2590	2
2598	2
2599	1
2600	1
2603	1
2605	2
2606	1
2608	1
2610	1
2611	1
2612	1
2614	1
2615	1
2622	1
2623	2
2624	1
2626	2
2631	1
2632	1
2633	1
2635	1
2636	1
2640	2
2642	1
2643	1
2650	1
2658	1
2665	1
2669	1
2670	1
2675	1
2676	1
2677	1
2679	1
2680	1
2682	2
2683	1
2684	1
2686	3
2687	1
2690	1
2693	1
2694	1
2695	1
2697	2
2699	1
2700	1
2704	1
2708	1
2710	1
2711	1
2714	1
2722	1
2731	1
2733	2
2737	1
2738	1
2740	1
2747	1
2751	1
2752	1
2753	1
2754	1
2755	1
2756	1
2758	1
2761	2
2762	2
2763	2
2765	2
2770	2
2777	1
2779	1
2780	3
2781	1
2783	1
2784	1
2787	1
2788	1
2789	1
2790	1
2797	1
2799	1
2802	2
2803	1
2805	1
2808	1
2812	1
2818	2
2820	1
2821	1
2822	1
2825	1
2829	1
2830	1
2831	2
2832	1
2834	1
2839	2
2848	2
2850	1
2852	1
2855	1
2857	1
2866	1
2869	1
2871	1
2872	1
2876	1
2877	1
2880	2
2884	1
2886	1
2887	1
2888	1
2897	1
2898	1
2906	1
2910	1
2914	1
2918	1
2921	2
2923	1
2924	1
2926	1
2928	1
2934	1
2940	1
2941	1
2944	1
2950	1
2952	1
2955	1
2956	1
2957	1
2961	1
2963	1
2964	1
2965	2
2969	2
2972	1
2980	1
2981	1
2983	1
2988	2
2989	2
2991	1
2993	1
2995	1
3001	1
3003	1
3006	1
3012	1
3013	1
3016	1
3019	1
3026	1
3033	4
3034	1
3036	1
3038	1
3039	1
3040	1
3044	2
3049	1
3050	1
3051	1
3054	1
3056	1
3061	1
3062	2
3070	1
3071	1
3074	1
3076	1
3081	1
3085	2
3092	1
3094	1
3097	1
3100	1
3102	1
3107	1
3110	1
3113	1
3114	1
3117	1
3119	1
3120	1
3121	2
3122	1
3125	1
3128	2
3130	1
3131	2
3132	1
3136	2
3139	1
3140	1
3141	1
3142	1
3143	1
3144	1
3146	1
3152	1
3153	1
3154	1
3155	1
3157	2
3158	1
3160	2
3164	1
3167	1
3173	1
3176	1
3177	1
3180	1
3181	1
3183	1
3184	2
3186	1
3187	1
3188	1
3190	1
3192	1
3193	2
3195	2
3198	1
3199	3
3201	1
3203	2
3204	1
3206	1
3208	1
3209	1
3211	1
3212	1
3215	1
3216	4
3217	1
3218	1
3220	2
3221	4
3222	7
3223	3
3224	3
3225	2
3226	2
3227	4
3228	2
3230	1
3231	6
3232	5
3233	5
3234	3
3235	6
3236	4
3237	4
3238	6
3239	10
3240	4
3241	8
3242	6
3243	9
3244	9
3245	10
3246	2
3247	6
3248	5
3249	6
3250	5
3251	8
3252	10
3253	6
3254	8
3255	7
3256	12
3257	10
3258	10
3259	11
3260	9
3261	8
3262	7
3263	8
3264	6
3265	10
3266	11
3267	13
3268	7
3269	7
3270	5
3271	7
3272	9
3273	10
3274	7
3275	11
3276	11
3277	4
3278	6
3279	8
3280	7
3281	10
3282	7
3283	6
3284	3
3285	3
3286	8
3287	4
3288	6
3289	3
3290	8
3291	6
3292	4
3293	2
3294	3
3295	4
3296	9
3297	4
3298	1
3300	3
3301	3
3302	4
3303	2
3304	3
3305	2
3306	1
3308	1
3310	1
3311	1
3313	2
3314	1
3315	1
3316	1
3321	1
3323	1
3327	1
3329	1
3332	1
3333	1
3334	1
3335	1
3337	1
3338	1
3340	1
3341	1
3343	1
3346	2
3348	1
3355	1
3359	1
3363	2
3365	1
3368	2
3369	1
3372	1
3373	1
3375	1
3376	1
3378	1
3379	1
3382	1
3383	1
3385	1
3387	1
3389	2
3391	1
3397	1
3399	1
3401	3
3406	1
3408	1
3409	1
3410	2
3412	1
3413	1
3415	1
3429	1
3435	1
3445	1
3451	1
3455	1
3460	1
3461	1
3473	1
3474	1
3477	1
3483	2
3485	1
3487	1
3489	1
3492	2
3495	2
3501	1
3516	1
3517	4
3525	1
3527	1
3533	1
3534	1
3537	1
3540	2
3545	1
3552	1
3558	3
3565	1
3571	1
3577	1
3578	1
3579	1
3581	1
3587	1
3590	1
3591	1
3596	2
3597	2
3601	1
3606	1
3621	1
3622	2
3629	1
3634	2
3637	1
3641	1
3647	2
3655	1
3660	2
3663	1
3675	1
3678	1
3682	1
3683	2
3684	1
3685	1
3687	1
3688	1
3689	1
3691	1
3693	1
3694	1
3695	1
3704	1
3706	1
3711	1
3715	2
3725	2
3729	1
3735	1
3739	1
3745	1
3747	1
3755	1
3762	1
3765	1
3766	1
3768	1
3773	1
3775	1
3776	1
3782	1
3784	1
3786	1
3792	1
3802	1
3808	1
3820	1
3824	1
3825	1
3828	1
3832	1
3835	1
3840	1
3853	1
3855	1
3858	1
3869	1
3871	2
3876	1
3886	1
3887	1
3892	2
3895	3
3896	1
3897	1
3903	1
3909	1
3923	1
3924	2
3927	1
3934	1
3941	1
3943	1
3945	1
3947	1
3948	1
3949	1
3952	1
3959	1
3968	1
3987	2
3989	1
3991	1
3993	1
3994	1
3997	1
4000	1
4011	1
4012	1
4015	1
4017	1
4019	1
4029	1
4030	1
4043	1
4049	1
4055	1
4056	1
4058	1
4066	1
4086	1
4092	1
4094	1
4096	1
4099	1
4104	1
4109	1
4110	1
4111	1
4115	1
4119	1
4128	1
4130	1
4131	1
4133	2
4135	1
4136	1
4151	1
4155	1
4159	1
4160	1
4162	2
4163	1
4165	1
4167	1
4169	1
4181	1
4183	1
4186	1
4187	1
4192	2
4196	1
4203	1
4217	1
4218	1
4219	1
4226	2
4229	1
4234	1
4241	2
4250	1
4254	1
4255	1
4257	1
4259	1
4262	1
4274	1
4282	1
4287	1
4297	1
4298	1
4306	1
4307	1
4314	1
4318	1
4326	1
4329	1
4330	1
4333	1
4344	1
4347	1
4349	2
4351	1
4357	1
4371	1
4373	1
4376	1
4388	1
4389	1
4392	1
4397	2
4402	1
4405	1
4408	1
4409	1
4410	1
4416	1
4419	1
4422	1
4432	1
4438	1
4439	1
4454	1
4455	1
4458	2
4469	1
4470	1
4474	1
4477	1
4484	1
4490	1
4491	1
4496	1
4504	2
4513	1
4515	1
4531	1
4533	2
4534	1
4535	1
4541	1
4546	1
4547	1
4553	1
4560	1
4566	1
4587	1
4588	1
4592	1
4593	1
4598	1
4599	1
4604	1
4605	1
4609	2
4611	1
4622	1
4630	1
4632	1
4643	1
4644	1
4651	1
4663	1
4668	1
4673	1
4674	1
4679	1
4683	1
4685	2
4694	2
4700	1
4703	1
4707	1
4708	1
4709	1
4710	1
4714	1
4715	1
4717	1
4720	1
4725	1
4737	1
4756	1
4759	1
4766	1
4775	1
4777	1
4778	1
4779	1
4784	1
4787	1
4788	1
4792	1
4794	2
4795	1
4799	1
4803	1
4804	1
4807	1
4827	2
4828	1
4836	1
4842	1
4848	1
4850	1
4852	2
4854	1
4882	1
4886	1
4890	1
4895	1
4898	1
4906	1
4911	1
4920	2
4934	1
4939	1
4956	1
4958	1
4967	1
4968	1
4980	1
4982	1
4984	2
4995	1
4997	1
4998	1
5010	1
5019	1
5040	1
5048	1
5049	1
5054	1
5066	1
5067	1
5072	1
5076	1
5077	1
5078	1
5081	1
5090	1
5094	1
5098	1
5111	1
5113	1
5120	1
5123	1
5127	1
5130	1
5134	1
5141	1
5148	1
5150	1
5156	1
5160	1
5161	1
5162	1
5165	1
5175	1
5176	1
5184	1
5201	1
5206	1
5221	1
5226	2
5227	1
5230	1
5238	1
5241	1
5249	1
5256	1
5259	1
5264	1
5268	1
5272	1
5273	1
5275	1
5288	1
5289	1
5295	1
5300	1
5306	2
5307	1
5308	1
5317	1
5318	1
5327	1
5329	1
5330	1
5333	1
5341	1
5344	1
5363	1
5381	1
5387	1
5408	1
5411	1
5412	1
5418	1
5421	1
5426	1
5430	1
5434	1
5436	1
5438	1
5454	1
5455	1
5464	3
5465	1
5469	1
5471	1
5483	1
5496	1
5498	1
5499	1
5503	1
5506	1
5518	1
5532	1
5541	1
5547	1
5549	1
5553	1
5554	1
5555	1
5572	1
5575	2
5576	1
5581	1
5584	1
5588	1
5597	1
5602	1
5606	1
5620	1
5635	1
5639	1
5651	1
5652	1
5657	1
5659	1
5660	1
5668	1
5669	1
5670	1
5683	1
5684	1
5696	1
5703	2
5717	1
5730	1
5742	1
5749	1
5752	1
5755	1
5757	1
5758	1
5761	1
5768	1
5773	1
5776	1
5779	1
5785	1
5787	1
5791	1
5794	1
5797	2
5800	1
5802	2
5805	1
5807	1
5809	2
5815	1
5816	1
5821	1
5822	1
5826	1
5830	1
5831	1
5833	2
5836	1
5839	1
5843	1
5844	2
5848	1
5852	2
5853	1
5854	1
5855	2
5856	3
5857	1
5858	1
5860	2
5861	2
5864	2
5866	3
5867	1
5868	1
5869	1
5870	1
5872	2
5874	2
5875	3
5876	1
5877	3
5878	1
5880	2
5881	3
5883	3
5884	2
5885	3
5886	2
5888	2
5889	1
5890	2
5891	1
5892	2
5893	1
5894	2
5895	1
5898	1
5899	3
5900	3
5901	4
5902	4
5903	4
5904	4
5905	7
5906	5
5907	2
5908	4
5909	3
5910	3
5911	2
5912	3
5913	4
5914	2
5915	3
5916	3
5917	7
5918	5
5919	3
5920	7
5921	4
5922	2
5923	3
5924	5
5925	5
5926	5
5927	2
5928	6
5929	6
5930	6
5931	1
5932	4
5933	6
5934	1
5935	4
5936	7
5937	3
5938	3
5939	7
5940	7
5941	4
5942	5
5943	9
5944	3
5945	3
5946	6
5947	2
5949	10
5950	5
5951	7
5952	10
5953	4
5954	6
5955	8
5956	4
5957	2
5958	5
5959	3
5960	3
5961	5
5962	6
5963	2
5964	4
5965	3
5966	3
5967	2
5968	6
5969	1
5970	7
5971	1
5972	7
5973	4
5974	7
5975	3
5976	3
5977	3
5978	6
5979	2
5980	5
5981	3
5982	3
5983	6
5984	2
5985	4
5986	6
5987	3
5988	1
5989	4
5990	4
5991	7
5992	4
5993	4
5994	6
5995	1
5996	4
5997	2
5998	6
5999	2
6000	2
6001	3
6002	2
6003	2
6004	1
6005	6
6006	3
6007	1
6008	1
6009	4
6010	3
6011	5
6012	3
6013	1
6014	3
6016	8
6017	3
6018	1
6019	2
6020	5
6021	2
6022	4
6023	1
6024	2
6025	4
6027	5
6029	3
6030	6
6031	4
6032	1
6033	4
6034	1
6035	1
6036	3
6037	1
6038	4
6039	3
6040	3
6041	1
6042	3
6043	3
6044	6
6046	1
6047	2
6048	1
6049	3
6050	1
6051	2
6052	1
6054	1
6055	1
6056	2
6061	1
6070	1
6071	1
6087	1
6102	1
6110	1
6135	2
6142	1
6147	1
6149	1
6166	1
6171	1
6191	1
6201	1
6216	1
6240	1
6243	1
6281	1
6297	1
6309	1
6315	1
6336	1
6350	1
6351	1
6375	1
6380	1
6415	2
6421	1
6423	1
6424	1
6428	1
6438	1
6444	1
6447	1
6453	1
6471	1
6482	1
6513	2
6522	1
6547	1
6552	1
6559	1
6589	2
6638	1
6645	1
6656	1
6658	1
6660	1
6662	1
6666	1
6669	1
6675	1
6678	1
6682	1
6696	1
6747	1
6763	1
6769	1
6789	1
6822	1
6823	1
6825	1
6827	1
6848	1
6862	1
6865	1
6871	2
6888	1
6913	1
6932	1
6941	1
6991	1
6997	1
6998	1
7004	1
7031	1
7071	1
7076	1
7110	1
7149	1
7155	1
7199	1
7211	1
7228	1
7237	1
7252	1
7257	1
7297	1
7334	1
7337	1
7340	1
7341	1
7389	1
7399	1
7424	1
7425	2
7432	2
7512	1
7554	2
7556	1
7558	1
7562	1
7567	1
7569	1
7577	1
7583	2
7586	1
7597	2
7602	1
7607	2
7616	1
7617	2
7618	1
7619	1
7621	1
7626	1
7627	1
7628	1
7629	1
7630	2
7631	1
7632	1
7633	1
7634	1
7639	2
7640	1
7641	2
7642	1
7643	1
7645	1
7648	3
7650	2
7651	1
7652	1
7654	1
7655	3
7658	4
7660	2
7661	1
7663	2
7664	3
7665	4
7666	1
7667	2
7669	4
7670	1
7671	1
7672	2
7673	3
7674	2
7675	5
7676	3
7678	2
7679	1
7680	1
7681	2
7682	2
7685	3
7686	1
7687	2
7689	3
7690	1
7692	4
7693	4
7694	3
7695	1
7696	4
7697	3
7698	1
7699	1
7700	4
7702	1
7703	3
7704	1
7705	4
7706	1
7707	1
7708	3
7709	4
7710	4
7711	2
7712	3
7714	2
7715	5
7716	5
7717	3
7719	5
7720	3
7721	1
7724	7
7725	4
7726	2
7727	1
7729	4
7730	1
7731	3
7732	2
7733	6
7734	3
7735	1
7736	2
7737	2
7738	2
7739	3
7740	2
7743	3
7744	1
7745	2
7747	5
7749	1
7751	3
7752	4
7753	2
7754	1
7755	1
7758	1
7760	1
7761	2
7763	2
7764	1
7765	1
7766	3
7775	1
7776	2
7778	2
7779	1
7782	1
7783	1
7787	1
7812	1
7827	1
7905	1
7922	1
8012	1
8078	1
8086	1
8199	1
8255	1
8268	1
8297	1
8332	1
8571	1
8693	1
8801	1
8880	1
8924	1
8939	1
8944	1
8995	1
9029	1
9099	1
9118	1
9147	1
9150	1
9163	1
9172	1
9180	1
9181	1
9200	1
9204	1
9205	2
9207	1
9208	1
9214	1
9215	1
9216	1
9218	1
9219	1
9227	1
9229	1
9231	2
9232	1
9233	1
9239	1
9241	1
9243	2
9245	2
9246	2
9247	1
9248	1
9249	1
9250	3
9252	1
9253	1
9254	1
9257	1
9258	1
9261	1
9264	1
9266	1
9269	2
9270	1
9271	1
9272	1
9274	1
9275	1
9276	1
9279	1
9281	1
9284	1
9286	2
9287	1
9288	1
9289	1
9295	1
9296	1
9297	1
9299	1
9302	1
9305	1
9306	1
9307	2
9308	3
9309	2
9312	3
9317	2
9320	2
9324	1
9327	1
9330	1
9331	1
9332	1
9349	1
9356	1
9395	1
9445	1
9720	1
10600	1
11833	1
11887	1
11927	1
13003	1
13513	1
15127	1
20143	1
27016	1
